# x y nx ny
0.000000000000000000e+00 0.000000000000000000e+00 1.371880818607797703e-01 9.905450167434896036e-01
1.337725752508361378e-02 2.668740841808257477e-02 8.935243880877424827e-01 -4.490146633378749308e-01
2.675451505016721368e-02 5.324060357199582316e-02 8.926106169601905060e-01 -4.508284446327093242e-01
4.013177257525082919e-02 7.965958546173979027e-02 8.916857107156077600e-01 -4.526550489120844678e-01
5.350903010033445512e-02 1.059443540873144657e-01 8.907494995166468366e-01 -4.544945864483351250e-01
6.688628762541806716e-02 1.320949094487198217e-01 8.898018105346165996e-01 -4.563471682494790183e-01
8.026354515050167227e-02 1.581112515459558443e-01 8.888424678930599843e-01 -4.582129060488962513e-01
9.364080267558529125e-02 1.839933803790226030e-01 8.878712926100520431e-01 -4.600919122946584006e-01
1.070180602006688964e-01 2.097412959479200423e-01 8.868881025402102214e-01 -4.619843001365151469e-01
1.203953177257525292e-01 2.353549982526482176e-01 8.858927123139546111e-01 -4.638901834152396320e-01
1.337725752508361066e-01 2.608344872932070180e-01 8.848849332779094023e-01 -4.658096766467498817e-01
1.471498327759197255e-01 2.861797630695965267e-01 8.838645734320941250e-01 -4.677428950093224791e-01
1.605270903010033723e-01 3.113908255818167992e-01 8.828314373681347416e-01 -4.696899543257372356e-01
1.739043478260869635e-01 3.364676748298677245e-01 8.817853262045286522e-01 -4.716509710478429263e-01
1.872816053511705825e-01 3.614103108137493026e-01 8.807260375218199933e-01 -4.736260622380419338e-01
2.006588628762542015e-01 3.862187335334616445e-01 8.796533652966594952e-01 -4.756153455495960025e-01
2.140361204013377927e-01 4.108929429890046392e-01 8.785670998333692250e-01 -4.776189392082172414e-01
2.274133779264213839e-01 4.354329391803782867e-01 8.774670276970945038e-01 -4.796369619873205870e-01
2.407906354515050029e-01 4.598387221075826981e-01 8.763529316432396854e-01 -4.816695331867058560e-01
2.541678929765887052e-01 4.841102917706178732e-01 8.752245905469365761e-01 -4.837167726076359586e-01
2.675451505016722131e-01 5.082476481694835346e-01 8.740817793307951167e-01 -4.857788005274737420e-01
2.809224080267558321e-01 5.322507913041800709e-01 8.729242688929992333e-01 -4.878557376700851100e-01
2.942996655518394511e-01 5.561197211747072044e-01 8.717518260314491840e-01 -4.899477051796793936e-01
3.076769230769230701e-01 5.798544377810651573e-01 8.705642133685560502e-01 -4.920548245896864681e-01
3.210541806020066891e-01 6.034549411232537075e-01 8.693611892766045512e-01 -4.941772177868661298e-01
3.344314381270903080e-01 6.269212312012728550e-01 8.681425077987177108e-01 -4.963150069793915153e-01
3.478086956521739825e-01 6.502533080151229328e-01 8.669079185677273092e-01 -4.984683146646039509e-01
3.611859531772575460e-01 6.734511715648034968e-01 8.656571667315546836e-01 -5.006372635814250183e-01
3.745632107023411095e-01 6.965148218503147692e-01 8.643899928653724363e-01 -5.028219766818088354e-01
3.879404682274247840e-01 7.194442588716569720e-01 8.631061328948307354e-01 -5.050225770788180357e-01
4.013177257525084030e-01 7.422394826288296610e-01 8.618053180090456955e-01 -5.072391880083079174e-01
4.146949832775920219e-01 7.649004931218331693e-01 8.604872745773139986e-01 -5.094719327799189790e-01
4.280722408026756409e-01 7.874272903506673860e-01 8.591517240625485829e-01 -5.117209347294191524e-01
4.414494983277592599e-01 8.098198743153320889e-01 8.577983829357360701e-01 -5.139863171649966533e-01
4.548267558528428234e-01 8.320782450158276111e-01 8.564269625859638468e-01 -5.162682033166289264e-01
4.682040133779264979e-01 8.542024024521538417e-01 8.550371692321371286e-01 -5.185667162781407713e-01
4.815812709030101169e-01 8.761923466243108916e-01 8.536287038342257327e-01 -5.208819789456146099e-01
4.949585284280936248e-01 8.980480775322983167e-01 8.522012619982550774e-01 -5.232141139615609227e-01
5.083357859531774103e-01 9.197695951761167832e-01 8.507545338892966713e-01 -5.255632436413389952e-01
5.217130434782608628e-01 9.413568995557655139e-01 8.492882041334447463e-01 -5.279294899129884922e-01
5.350903010033445373e-01 9.628099906712453970e-01 8.478019517259063331e-01 -5.303129742423280391e-01
5.484675585284281008e-01 9.841288685225557664e-01 8.462954499353586568e-01 -5.327138175593991720e-01
5.618448160535116642e-01 1.005313533109696733e+00 8.447683662091579615e-01 -5.351321401787694221e-01
5.752220735785953387e-01 1.026363984432668630e+00 8.432203620753648821e-01 -5.375680617200865319e-01
5.885993311036789022e-01 1.047280222491471013e+00 8.416510930454946804e-01 -5.400217010225829561e-01
6.019765886287626877e-01 1.068062247286104327e+00 8.400602085130387531e-01 -5.424931760612570208e-01
6.153538461538461402e-01 1.088710058816567905e+00 8.384473516628259127e-01 -5.449826038412542983e-01
6.287311036789298146e-01 1.109223657082862635e+00 8.368121593625055255e-01 -5.474901003151204648e-01
6.421083612040134891e-01 1.129603042084987852e+00 8.351542620678982232e-01 -5.500157802734610968e-01
6.554856187290969416e-01 1.149848213822943777e+00 8.334732837189473553e-01 -5.525597572450918760e-01
6.688628762541805051e-01 1.169959172296730410e+00 8.317688416428493658e-01 -5.551221433811776018e-01
6.822401337792642906e-01 1.189935917506347973e+00 8.300405464484027496e-01 -5.577030493476228257e-01
6.956173913043479651e-01 1.209778449451796023e+00 8.282880019286812390e-01 -5.603025841998167111e-01
7.089946488294314175e-01 1.229486768133074559e+00 8.265108049556154635e-01 -5.629208552644150432e-01
7.223719063545150920e-01 1.249060873550184025e+00 8.247085453827828205e-01 -5.655579680038240742e-01
7.357491638795985445e-01 1.268500765703123978e+00 8.228808059393821761e-01 -5.682140258886196893e-01
7.491264214046822190e-01 1.287806444591894861e+00 8.210271621323331770e-01 -5.708891302529127687e-01
7.625036789297658935e-01 1.306977910216496452e+00 8.191471821450504454e-01 -5.735833801495852091e-01
7.758809364548495680e-01 1.326015162576928974e+00 8.172404267386604859e-01 -5.762968721969711217e-01
7.892581939799332424e-01 1.344918201673191760e+00 8.153064491458372753e-01 -5.790297004309937767e-01
8.026354515050166949e-01 1.363687027505285254e+00 8.133447949814418543e-01 -5.817819561284076624e-01
8.160127090301003694e-01 1.382321640073209457e+00 8.113550021391942035e-01 -5.845537276450369912e-01
8.293899665551839329e-01 1.400822039376964590e+00 8.093366006962872117e-01 -5.873451002378231589e-01
8.427672240802676074e-01 1.419188225416550209e+00 8.072891128169856767e-01 -5.901561558834781396e-01
8.561444816053511708e-01 1.437420198191966536e+00 8.052120526628557817e-01 -5.929869730832797448e-01
8.695217391304348453e-01 1.455517957703213572e+00 8.031049263004732541e-01 -5.958376266667886334e-01
8.828989966555184088e-01 1.473481503950291316e+00 8.009672316063890518e-01 -5.987081875945885479e-01
8.962762541806020833e-01 1.491310836933199990e+00 7.987984581811748974e-01 -6.015987227441376151e-01
9.096535117056857578e-01 1.509005956651939151e+00 7.965980872783171574e-01 -6.045092946717415261e-01
9.230307692307690992e-01 1.526566863106508576e+00 7.943655916978090703e-01 -6.074399614172494299e-01
9.364080267558528847e-01 1.543993556296909375e+00 7.921004357303205179e-01 -6.103907762375151425e-01
9.497852842809364482e-01 1.561286036223140661e+00 7.898020750663142797e-01 -6.133617873824093181e-01
9.631625418060201227e-01 1.578444302885202655e+00 7.874699567351064466e-01 -6.163530378278421207e-01
9.765397993311036862e-01 1.595468356283095357e+00 7.851035190254569418e-01 -6.193645650292274318e-01
9.899170568561874717e-01 1.612358196416818767e+00 7.827021914343791353e-01 -6.223964006353350786e-01
1.003294314381270924e+00 1.629113823286372664e+00 7.802653946025859266e-01 -6.254485702163454786e-01
1.016671571906354599e+00 1.645735236891757491e+00 7.777925402654682907e-01 -6.285210929693528792e-01
1.030048829431438051e+00 1.662222437232972805e+00 7.752830311957740195e-01 -6.316139814316118484e-01
1.043426086956521726e+00 1.678575424310018605e+00 7.727362611732278008e-01 -6.347272411579805151e-01
1.056803344481605400e+00 1.694794198122895779e+00 7.701516149442992898e-01 -6.378608704088123416e-01
1.070180602006689075e+00 1.710878758671603217e+00 7.675284682012020188e-01 -6.410148598127163311e-01
1.083557859531772527e+00 1.726829105956141364e+00 7.648661875442421820e-01 -6.441891920480630196e-01
1.096935117056856202e+00 1.742645239976510219e+00 7.621641304909736458e-01 -6.473838414672845598e-01
1.110312374581939876e+00 1.758327160732710004e+00 7.594216454639833858e-01 -6.505987737467509024e-01
1.123689632107023328e+00 1.773874868224740053e+00 7.566380717814594759e-01 -6.538339455326824812e-01
1.137066889632107003e+00 1.789288362452601255e+00 7.538127397000436991e-01 -6.570893040264116358e-01
1.150444147157190677e+00 1.804567643416292944e+00 7.509449704168270623e-01 -6.603647866184798598e-01
1.163821404682274352e+00 1.819712711115815340e+00 7.480340761266244254e-01 -6.636603204602391504e-01
1.177198662207358026e+00 1.834723565551168445e+00 7.450793600482039647e-01 -6.669758220731534237e-01
1.190575919732441479e+00 1.849600206722352258e+00 7.420801164964205832e-01 -6.703111969083156430e-01
1.203953177257525375e+00 1.864342634629366779e+00 7.390356309588063111e-01 -6.736663389047421457e-01
1.217330434782608606e+00 1.878950849272211565e+00 7.359451801814700378e-01 -6.770411300413465838e-01
1.230707692307692280e+00 1.893424850650887725e+00 7.328080322721927109e-01 -6.804354398746121912e-01
1.244084949832775955e+00 1.907764638765394150e+00 7.296234468060990297e-01 -6.838491250786152831e-01
1.257462207357859629e+00 1.921970213615731504e+00 7.263906749852413469e-01 -6.872820289331633692e-01
1.270839464882943304e+00 1.936041575201899345e+00 7.231089597604063446e-01 -6.907339808596526520e-01
1.284216722408026978e+00 1.949978723523898116e+00 7.197775360299524250e-01 -6.942047958827786136e-01
1.297593979933110431e+00 1.963781658581727374e+00 7.163956308073575752e-01 -6.976942741345438792e-01
1.310971237458193883e+00 1.977450380375387340e+00 7.129624634379564396e-01 -7.012022003163429495e-01
1.324348494983277558e+00 1.990984888904878014e+00 7.094772458345047772e-01 -7.047283431529383080e-01
1.337725752508361232e+00 2.004385184170199619e+00 7.059391827181314971e-01 -7.082724548528318564e-01
1.351103010033444907e+00 2.017651266171351931e+00 7.023474718987215981e-01 -7.118342705415879879e-01
1.364480267558528359e+00 2.030783134908334286e+00 6.987013045803388556e-01 -7.154135076847043528e-01
1.377857525083612034e+00 2.043780790381148016e+00 6.949998656737792491e-01 -7.190098655188458254e-01
1.391234782608695930e+00 2.056644232589792232e+00 6.912423341594037263e-01 -7.226230244504108224e-01
1.404612040133779161e+00 2.069373461534266934e+00 6.874278834444342845e-01 -7.262526454775262152e-01
1.417989297658862835e+00 2.081968477214572566e+00 6.835556818038455162e-01 -7.298983695513231451e-01
1.431366555183946510e+00 2.094429279630708685e+00 6.796248927833006270e-01 -7.335598169946928593e-01
1.444743812709030184e+00 2.106755868782675734e+00 6.756346756963821365e-01 -7.372365868543453438e-01
1.458121070234113414e+00 2.118948244670473269e+00 6.715841860769979910e-01 -7.409282563185831672e-01
1.471498327759197089e+00 2.131006407294101734e+00 6.674725762872759649e-01 -7.446343800177551708e-01
1.484875585284280985e+00 2.142930356653560686e+00 6.632989960140943664e-01 -7.483544894544927883e-01
1.498252842809364438e+00 2.154720092748850568e+00 6.590625928884433771e-01 -7.520880923503323601e-01
1.511630100334448112e+00 2.166375615579971381e+00 6.547625131730741010e-01 -7.558346719642331513e-01
1.525007357859531787e+00 2.177896925146922236e+00 6.503979023473301924e-01 -7.595936865339211197e-01
1.538384615384615461e+00 2.189284021449704465e+00 6.459679059468795836e-01 -7.633645685297446581e-01
1.551761872909699136e+00 2.200536904488316736e+00 6.414716701854044079e-01 -7.671467241340131915e-01
1.565139130434782588e+00 2.211655574262759938e+00 6.369083428732741359e-01 -7.709395325046056735e-01
1.578516387959866485e+00 2.222640030773034070e+00 6.322770741619380130e-01 -7.747423452278950906e-01
1.591893645484950159e+00 2.233490274019138688e+00 6.275770175063333234e-01 -7.785544856320947282e-01
1.605270903010033390e+00 2.244206304001073793e+00 6.228073305375316782e-01 -7.823752482208993220e-01
1.618648160535117064e+00 2.254788120718839828e+00 6.179671760565506045e-01 -7.862038980548825551e-01
1.632025418060200739e+00 2.265235724172436349e+00 6.130557230795232737e-01 -7.900396701428622492e-01
1.645402675585284413e+00 2.275549114361863801e+00 6.080721478283007686e-01 -7.938817689275129430e-01
1.658779933110367644e+00 2.285728291287122182e+00 6.030156349545323646e-01 -7.977293676431764791e-01
1.672157190635451762e+00 2.295773254948211051e+00 5.978853786145140736e-01 -8.015816078472478567e-01
1.685534448160535437e+00 2.305684005345130849e+00 5.926805837077233630e-01 -8.054375988839064249e-01
1.698911705685618667e+00 2.315460542477880246e+00 5.874004671297667901e-01 -8.092964173995408350e-01
1.712288963210702342e+00 2.325102866346461461e+00 5.820442591303210955e-01 -8.131571068455563100e-01
1.725666220735786016e+00 2.334610976950872718e+00 5.766112046122988666e-01 -8.170186770910158325e-01
1.739043478260869469e+00 2.343984874291114906e+00 5.711005645472000403e-01 -8.208801040187717613e-01
1.752420735785953365e+00 2.353224558367188468e+00 5.655116174617106362e-01 -8.247403291435673189e-01
1.765797993311036596e+00 2.362330029179092072e+00 5.598436609428580901e-01 -8.285982592922206402e-01
1.779175250836120492e+00 2.371301286726826163e+00 5.540960131614484085e-01 -8.324527663468889171e-01
1.792552508361203945e+00 2.380138331010391184e+00 5.482680144942840839e-01 -8.363026869994473200e-01
1.805929765886287619e+00 2.388841162029787135e+00 5.423590291881279501e-01 -8.401468225602661821e-01
1.819307023411371294e+00 2.397409779785013573e+00 5.363684470094194356e-01 -8.439839388594451153e-01
1.832684280936454524e+00 2.405844184276070497e+00 5.302956850249064269e-01 -8.478127661482605104e-01
1.846061538461538420e+00 2.414144375502958795e+00 5.241401893586498106e-01 -8.516319991047064386e-01
1.859438795986622095e+00 2.422310353465677135e+00 5.179014370150482049e-01 -8.554402968867832469e-01
1.872816053511705769e+00 2.430342118164226406e+00 5.115789377350253853e-01 -8.592362832573489095e-01
1.886193311036789222e+00 2.438239669598606163e+00 5.051722358871352236e-01 -8.630185467814656120e-01
1.899570568561872896e+00 2.446003007768816850e+00 4.986809123876067562e-01 -8.667856411018032281e-01
1.912947826086956571e+00 2.453632132674858468e+00 4.921045866655250900e-01 -8.705360852846668607e-01
1.926325083612040245e+00 2.461127044316730128e+00 4.854429186101240079e-01 -8.742683642745427974e-01
1.939702341137123698e+00 2.468487742694432718e+00 4.786956106191317395e-01 -8.779809293908248380e-01
1.953079598662207372e+00 2.475714227807966239e+00 4.718624095624751047e-01 -8.816721989730056386e-01
1.966456856187291269e+00 2.482806499657330690e+00 4.649431088227490294e-01 -8.853405590834735328e-01
1.979834113712374499e+00 2.489764558242525183e+00 4.579375503587320706e-01 -8.889843643008822349e-01
1.993211371237458174e+00 2.496588403563550607e+00 4.508456267194766998e-01 -8.926019386422607838e-01
2.006588628762541848e+00 2.503256330605921676e+00 4.389062555121001630e-01 -8.985328590943946203e-01
2.019965886287625967e+00 2.509634136105468816e+00 4.216885704691657466e-01 -9.067407289493901734e-01
2.033343143812709197e+00 2.515698777321954349e+00 4.040023820353479955e-01 -9.147579326301383817e-01
2.046720401337792428e+00 2.521450254255377388e+00 3.858512652397714238e-01 -9.225610012963194606e-01
2.060097658862876102e+00 2.526888566905739264e+00 3.672407742532626251e-01 -9.301259128343130067e-01
2.073474916387959777e+00 2.532013715273039534e+00 3.481785594326439748e-01 -9.374282323204313760e-01
2.086852173913043451e+00 2.536825699357277752e+00 3.286744708594647180e-01 -9.444432710360378680e-01
2.100229431438127126e+00 2.541324519158454365e+00 3.087406455155569662e-01 -9.511462630987082001e-01
2.113606688963210800e+00 2.545510174676569815e+00 2.883915743174432778e-01 -9.575125585926831384e-01
2.126983946488294475e+00 2.549382665911623214e+00 2.676441463180544988e-01 -9.635178311487960778e-01
2.140361204013378593e+00 2.552941992863614562e+00 2.465176667792305099e-01 -9.691382976467931565e-01
2.153738461538461824e+00 2.556188155532544748e+00 2.250338462254428407e-01 -9.743509470683464624e-01
2.167115719063545054e+00 2.559121153918412439e+00 2.032167589312999234e-01 -9.791337747669915936e-01
2.180492976588628729e+00 2.561740988021218968e+00 1.810927683699932456e-01 -9.834660183474017714e-01
2.193870234113712847e+00 2.564047657840963890e+00 1.586904193887057612e-01 -9.873283905541441197e-01
2.207247491638796077e+00 2.566041163377646761e+00 1.360402963321731551e-01 -9.907033046143807198e-01
2.220624749163879752e+00 2.567721504631268026e+00 1.131748483922039028e-01 -9.935750870927680944e-01
2.234002006688963871e+00 2.569088681601828128e+00 9.012818328921458344e-02 -9.959301735448051751e-01
2.247379264214046657e+00 2.570142694289325291e+00 6.693583203129450931e-02 -9.977572823038066696e-01
2.260756521739130331e+00 2.570883542693762180e+00 4.363448821019034335e-02 -9.990475621503888126e-01
2.274133779264214006e+00 2.571311226815136131e+00 2.026172591041753776e-02 -9.997947101596063035e-01
2.287511036789297236e+00 2.571425746653448918e+00 -3.144298832164001568e-03 -9.999950566802088270e-01
2.300888294314381355e+00 2.571227102208699655e+00 -2.654515764626659904e-02 -9.996476152152490302e-01
2.314265551839465029e+00 2.570715293480889230e+00 -4.990246447439134619e-02 -9.987540958811542691e-01
2.327642809364548704e+00 2.569890320470016754e+00 -7.317818958415929498e-02 -9.973188820879632654e-01
2.341020066889631934e+00 2.568752183176083115e+00 -9.633496668435276300e-02 -9.953489710618707020e-01
2.354397324414716053e+00 2.567300881599087425e+00 -1.193363875078918002e-01 -9.928538797912642710e-01
2.367774581939799727e+00 2.565536415739030129e+00 -1.421472788644965179e-01 -9.898455188116067616e-01
2.381151839464882958e+00 2.563458785595910783e+00 -1.647339565296303265e-01 -9.863380371688470483e-01
2.394529096989966632e+00 2.561067991169729829e+00 -1.870644532797480497e-01 -9.823476422932713170e-01
2.407906354515050307e+00 2.558364032460486825e+00 -2.091087168264736673e-01 -9.778923992685421007e-01
2.421283612040133981e+00 2.555346909468182659e+00 -2.308387757923427430e-01 -9.729920141453846094e-01
2.434660869565217212e+00 2.552016622192816442e+00 -2.522288724126721116e-01 -9.676676061135000007e-01
2.448038127090300886e+00 2.548373170634389062e+00 -2.732555614853911519e-01 -9.619414733326052680e-01
2.461415384615384561e+00 2.544416554792899632e+00 -2.938977757866728657e-01 -9.558368570983473145e-01
2.474792642140468235e+00 2.540146774668348151e+00 -3.141368593370953421e-01 -9.493777086101327090e-01
2.488169899665552354e+00 2.535563830260735507e+00 -3.339565702040860895e-01 -9.425884622768959664e-01
2.501547157190636028e+00 2.530667721570060813e+00 -3.533430551033552303e-01 -9.354938190123051056e-01
2.514924414715719259e+00 2.525458448596324068e+00 -3.722847989177563988e-01 -9.281185422642764804e-01
2.528301672240802489e+00 2.519936011339526161e+00 -3.907725517071385379e-01 -9.204872692396628420e-01
2.541678929765886163e+00 2.514100409799666647e+00 -4.087992370430449385e-01 -9.126243388125392375e-01
2.555056187290970282e+00 2.507951643976745970e+00 -4.263598443931027604e-01 -9.045536374859642903e-01
2.568433444816053512e+00 2.501489713870761911e+00 -4.434513090510379119e-01 -8.962984639621562888e-01
2.581810702341137187e+00 2.494714619481717577e+00 -4.600723830229379030e-01 -8.878814123404065173e-01
2.595187959866220861e+00 2.487626360809610304e+00 -4.762234992145075174e-01 -8.793242739717185286e-01
2.608565217391304536e+00 2.480224937854442313e+00 -4.919066321905956052e-01 -8.706479571025858011e-01
2.621942474916387766e+00 2.472510350616212271e+00 -5.071251575533926026e-01 -8.618724236083009638e-01
2.635319732441471441e+00 2.464482599094920623e+00 -5.218837121481912922e-01 -8.530166416866811208e-01
2.648696989966555115e+00 2.456141683290566924e+00 -5.361880570829684611e-01 -8.440985531569114020e-01
2.662074247491638790e+00 2.447487603203152062e+00 -5.500449448408257780e-01 -8.351350541409772177e-01
2.675451505016722464e+00 2.438520358832675150e+00 -5.634619917941977585e-01 -8.261419876772487791e-01
2.688828762541806583e+00 2.429239950179136631e+00 -5.764475571378039342e-01 -8.171341468020156817e-01
2.702206020066889813e+00 2.419646377242536062e+00 -5.890106289176004761e-01 -8.081252867112207472e-01
2.715583277591973044e+00 2.409739640022874774e+00 -6.011607174628068595e-01 -7.991281447800493432e-01
2.728960535117056274e+00 2.399519738520150991e+00 -6.129077568409916354e-01 -7.901544669266534759e-01
2.742337792642140393e+00 2.388986672734365158e+00 -6.242620141371179043e-01 -7.812150393492618417e-01
2.755715050167223623e+00 2.378140442665518162e+00 -6.352340066041620714e-01 -7.723197245012088930e-01
2.769092307692307742e+00 2.366981048313609559e+00 -6.458344267343252287e-01 -7.634775001561902030e-01
2.782469565217391416e+00 2.355508489678638906e+00 -6.560740746914207611e-01 -7.546965009311995543e-01
2.795846822742475091e+00 2.343722766760606646e+00 -6.659637980711220484e-01 -7.459840612631650769e-01
2.809224080267558321e+00 2.331623879559512780e+00 -6.755144383882313308e-01 -7.373467593534485109e-01
2.822601337792641552e+00 2.319211828075356863e+00 -6.847367841075699957e-01 -7.287904613055957714e-01
2.835978595317725670e+00 2.306486612308139783e+00 -6.936415296618531068e-01 -7.203203650656869739e-01
2.849355852842808901e+00 2.293448232257860653e+00 -7.022392398997809870e-01 -7.119410438687868714e-01
2.862733110367893019e+00 2.280096687924519916e+00 -7.105403199058212271e-01 -7.036564884857762214e-01
2.876110367892976694e+00 2.266431979308117128e+00 -7.185549891932709876e-01 -6.954701485365551994e-01
2.889487625418060368e+00 2.252454106408652734e+00 -7.262932604409484405e-01 -6.873849720775516703e-01
2.902864882943143598e+00 2.238163069226127178e+00 -7.337649218887338787e-01 -6.794034437693264872e-01
2.916242140468227273e+00 2.223558867760539570e+00 -7.409795232607849780e-01 -6.715276212548668688e-01
2.929619397993310947e+00 2.208641502011890356e+00 -7.479463647690465233e-01 -6.637591697511743272e-01
2.942996655518394622e+00 2.193410971980179092e+00 -7.546744888526615291e-01 -6.560993948137537890e-01
2.956373913043478296e+00 2.177867277665406220e+00 -7.611726743424938046e-01 -6.485492732509197111e-01
2.969751170568561527e+00 2.162010419067571743e+00 -7.674494327832569462e-01 -6.411094821640505037e-01
2.983128428093645645e+00 2.145840396186675658e+00 -7.735130066294423345e-01 -6.337804261533170891e-01
2.996505685618728876e+00 2.129357209022717967e+00 -7.793713689405677991e-01 -6.265622628882985268e-01
3.009882943143812994e+00 2.112560857575698670e+00 -7.850322246319514363e-01 -6.194549267617532884e-01
3.023260200668896225e+00 2.095451341845617321e+00 -7.905030128366754560e-01 -6.124581509753453945e-01
3.036637458193980343e+00 2.078028661832474366e+00 -7.957909102504829857e-01 -6.055714880694992308e-01
3.050014715719063574e+00 2.060292817536269361e+00 -8.009028353564324743e-01 -5.987943288960134725e-01
3.063391973244147248e+00 2.042243808957002749e+00 -8.058454534122044821e-01 -5.921259200667360334e-01
3.076769230769230923e+00 2.023881636094674530e+00 -8.106251818960982236e-01 -5.855653801890253751e-01
3.090146488294315041e+00 2.005206298949284704e+00 -8.152481964522416691e-01 -5.791117147678563892e-01
3.103523745819397828e+00 1.986217797520833495e+00 -8.197204372503515968e-01 -5.727638298235079306e-01
3.116901003344481502e+00 1.966916131809319790e+00 -8.240476155974330030e-01 -5.665205444008057922e-01
3.130278260869564733e+00 1.947301301814744701e+00 -8.282352206549262741e-01 -5.603806021506148038e-01
3.143655518394648851e+00 1.927373307537108227e+00 -8.322885264336051803e-01 -5.543426817113922267e-01
3.157032775919732526e+00 1.907132148976409702e+00 -8.362125987266619820e-01 -5.484054063654028033e-01
3.170410033444816200e+00 1.886577826132649349e+00 -8.400123021551053615e-01 -5.425673527112372385e-01
3.183787290969899875e+00 1.865710339005827390e+00 -8.436923071649478079e-01 -5.368270585865501099e-01
3.197164548494983549e+00 1.844529687595944711e+00 -8.472570969561133980e-01 -5.311830302800523151e-01
3.210541806020066780e+00 1.823035871902998872e+00 -8.507109743196408225e-01 -5.256337490802195367e-01
3.223919063545150454e+00 1.801228891926992093e+00 -8.540580684349972085e-01 -5.201776770883980161e-01
3.237296321070234129e+00 1.779108747667923041e+00 -8.573023414463105674e-01 -5.148132626017646318e-01
3.250673578595317803e+00 1.756675439125792604e+00 -8.604475949365889553e-01 -5.095389448980712777e-01
3.264050836120401478e+00 1.733928966300600560e+00 -8.634974762537748205e-01 -5.043531585143109508e-01
3.277428093645485596e+00 1.710869329192346688e+00 -8.664554846381193887e-01 -4.992543371274020259e-01
3.290805351170567938e+00 1.687496527801031432e+00 -8.693249772069734371e-01 -4.942409169667109081e-01
3.304182608695652057e+00 1.663810562126654125e+00 -8.721091746944568124e-01 -4.893113399603092328e-01
3.317559866220735287e+00 1.639811432169214989e+00 -8.748111670962372965e-01 -4.844640563795409305e-01
3.330937123745819406e+00 1.615499137928714468e+00 -8.774339190496631691e-01 -4.796975273035594123e-01
3.344314381270903080e+00 1.590873679405151897e+00 -8.799802750410264940e-01 -4.750102267727711602e-01
3.357691638795986755e+00 1.565935056598527719e+00 -8.824529644592776778e-01 -4.704006436188546969e-01
3.371068896321070429e+00 1.540683269508841935e+00 -8.848546064278937084e-01 -4.658672831218535482e-01
3.384446153846153216e+00 1.515118318136094988e+00 -8.871877144518663938e-01 -4.614086684552788920e-01
3.397823411371237334e+00 1.489240202480285769e+00 -8.894547009317111952e-01 -4.570233418442434803e-01
3.411200668896321009e+00 1.463048922541414720e+00 -8.916578814204163539e-01 -4.527098656986112135e-01
3.424577926421404683e+00 1.436544478319482065e+00 -8.937994787737921776e-01 -4.484668234593248148e-01
3.437955183946488802e+00 1.409726869814487360e+00 -8.958816271276903720e-01 -4.442928203055296343e-01
3.451332441471572032e+00 1.382596097026431270e+00 -8.979063756445120337e-01 -4.401864838644373168e-01
3.464709698996656151e+00 1.355152159955313351e+00 -8.998756922083891441e-01 -4.361464645878405655e-01
3.478086956521739381e+00 1.327395058601134492e+00 -9.017914668680709900e-01 -4.321714362193930237e-01
3.491464214046822612e+00 1.299324792963893138e+00 -9.036555151925897977e-01 -4.282600960421310554e-01
3.504841471571906286e+00 1.270941363043590178e+00 -9.054695814391815478e-01 -4.244111651315894407e-01
3.518218729096989961e+00 1.242244768840225611e+00 -9.072353416355782851e-01 -4.206233884217275842e-01
3.531595986622073635e+00 1.213235010353799215e+00 -9.089544064831661663e-01 -4.168955347983895332e-01
3.544973244147157310e+00 1.183912087584310768e+00 -9.106283241596550004e-01 -4.132263970732970582e-01
3.558350501672241428e+00 1.154276000531760937e+00 -9.122585829727278828e-01 -4.096147919601908494e-01
3.571727759197324659e+00 1.124326749196150388e+00 -9.138466139299676883e-01 -4.060595599277681544e-01
3.585105016722407889e+00 1.094064333577477122e+00 -9.153937931697622155e-01 -4.025595650661834002e-01
3.598482274247492008e+00 1.063488753675742027e+00 -9.169014442923958397e-01 -3.991136948972290877e-01
3.611859531772575238e+00 1.032600009490945325e+00 -9.183708405808257424e-01 -3.957208601664404801e-01
3.625236789297658913e+00 1.001398101023086795e+00 -9.198032071468698057e-01 -3.923799945490754615e-01
3.638614046822742587e+00 9.698830282721667695e-01 -9.211997229415885835e-01 -3.890900544248602766e-01
3.651991304347826262e+00 9.380547912381849152e-01 -9.225615227134994489e-01 -3.858500185415950634e-01
3.665368561872909492e+00 9.059133899211422314e-01 -9.238896988473815908e-01 -3.826588877364468511e-01
3.678745819397993166e+00 8.734588243210370528e-01 -9.251853031620975720e-01 -3.795156845413076296e-01
3.692123076923076841e+00 8.406910944378699346e-01 -9.264493485725634470e-01 -3.764194529105433507e-01
3.705500334448160515e+00 8.076102002716413208e-01 -9.276828107269520229e-01 -3.733692578155599073e-01
3.718877591973244190e+00 7.742161418223508784e-01 -9.288866295459217159e-01 -3.703641848921376822e-01
3.732254849498327864e+00 7.405089190899987184e-01 -9.300617106966865277e-01 -3.674033400718519915e-01
3.745632107023411539e+00 7.064885320745849517e-01 -9.312089270050143419e-01 -3.644858491987991167e-01
3.759009364548494769e+00 6.721549807761104667e-01 -9.323291198041782080e-01 -3.616108576428071486e-01
3.772386622073578444e+00 6.375082651945731538e-01 -9.334231002070629835e-01 -3.587775299539194274e-01
3.785763879598662118e+00 6.025483853299741233e-01 -9.344916503675907427e-01 -3.559850493956963624e-01
3.799141137123745793e+00 5.672753411823133751e-01 -9.355355246189124285e-01 -3.532326176558673314e-01
3.812518394648829467e+00 5.316891327515910204e-01 -9.365554506265949541e-01 -3.505194543839406096e-01
3.825895652173913142e+00 4.957897600378068370e-01 -9.375521304436900127e-01 -3.478447968570148041e-01
3.839272909698997260e+00 4.595772230409611026e-01 -9.385262415458004437e-01 -3.452078995763477320e-01
3.852650167224080491e+00 4.230515217610534284e-01 -9.394784378098525179e-01 -3.426080338964033745e-01
3.866027424749163721e+00 3.862126561980854245e-01 -9.404093504532248238e-01 -3.400444876485186341e-01
3.879404682274247396e+00 3.490606263520544816e-01 -9.413195889300253194e-01 -3.375165647736538821e-01
3.892781939799331070e+00 3.115954322229618212e-01 -9.422097417887035364e-01 -3.350235849585287973e-01
3.906159197324414745e+00 2.738170738108074431e-01 -9.430803774987450705e-01 -3.325648832586275416e-01
3.919536454849498419e+00 2.357255511155912919e-01 -9.439320452237599524e-01 -3.301398097771453544e-01
3.932913712374582094e+00 1.973208641373134509e-01 -9.447652755845774575e-01 -3.277477292821378563e-01
3.946290969899665768e+00 1.586030128759739477e-01 -9.455805813724386111e-01 -3.253880208787054418e-01
3.959668227424748999e+00 1.195719973315739343e-01 -9.463784582380786459e-01 -3.230600776680975783e-01
3.973045484949832673e+00 8.022781750411100976e-02 -9.471593853502340288e-01 -3.207633064160659297e-01
3.986422742474916348e+00 4.057047339358632598e-02 -9.479238260261381166e-01 -3.184971272271822085e-01
3.999800000000000022e+00 5.999649999999340190e-04 -9.486722283352603258e-01 -3.162609732252966155e-01
